1	1	68	#99CC00	3
1	69	169	red	3
1	170	1406	#99CC00	3
10	1	1307	red	3
10	1308	1518	#99CC00	3
11	1	1222	#8ad4ff	2
12	1	847	#ffbfaa	1
12	848	1530	#7ebb97	2
13	1	1685	#ffedb9	1
14	1	561	fuchsia	3
14	562	691	#e2eeb7	1
14	692	737	fuchsia	3
14	738	1745	#e2eeb7	1
15	1	1141	#cacaf6	1
16	1	25	#c0dd6f	2
16	26	1344	#8f98ec	2
17	1	1156	#c0dd6f	2
18	1	2069	#339966	3
19	1	1220	#ff7b5a	2
2	1	1238	RoyalBlue	3
3	1	1040	#7ebb97	2
3	1041	1135	#ffbfaa	1
3	1136	1158	#7ebb97	2
4	1	638	deepskyblue	3
4	639	664	#8ad4ff	2
4	665	812	deepskyblue	3
4	813	919	#e2eeb7	1
4	920	1093	fuchsia	3
4	1094	1537	#beddca	1
5	1	1596	#ffc4ff	1
6	1	1384	#ffdc72	2
7	1	1204	#ff83ff	2
7	1205	1238	fuchsia	3
7	1239	2123	#beddca	1
8	1	1421	#FFCC00	3
9	1	1195	#c9e9ff	1
