1	1	810	RoyalBlue	1
1	811	2266	fuchsia	1
10	1	1255	#99CC00	1
11	1	1048	RoyalBlue	2
12	1	725	#FFCC00	2
12	726	815	#FFCC00	1
12	816	1852	#FFCC00	2
13	1	1562	#99CC00	3
14	1	1175	deepskyblue	2
15	1	941	deepskyblue	1
16	1	929	fuchsia	3
17	1	948	red	1
18	1	1119	fuchsia	2
19	1	1764	#339966	3
2	1	26	#339966	3
2	27	1474	#FFCC00	1
3	1	73	#FFCC00	3
3	74	203	deepskyblue	3
3	204	359	#FFCC00	3
3	360	1054	deepskyblue	3
3	1055	1997	#FFCC00	3
4	1	1241	red	3
5	1	1270	#99CC00	2
6	1	1292	#339966	1
7	1	1345	#339966	2
8	1	936	RoyalBlue	3
9	1	1235	red	2
