1	1	68	#99CC00	1
1	69	169	red	1
1	170	1406	#99CC00	1
2	1	1238	RoyalBlue	1
3	1	1040	#7ebb97	1
3	1041	1135	#ffbfaa	1
3	1136	1158	#7ebb97	1
4	1	638	deepskyblue	1
4	639	664	#8ad4ff	1
4	665	812	deepskyblue	1
4	813	919	#e2eeb7	1
4	920	1093	fuchsia	1
4	1094	1537	#beddca	1
5	1	1596	#ffc4ff	1
6	1	1384	#ffdc72	1
7	1	1204	#ff83ff	1
7	1205	1238	fuchsia	1
7	1239	2123	#beddca	1
8	1	1421	#FFCC00	1
9	1	1195	#c9e9ff	1
10	1	1307	red	1
10	1308	1518	#99CC00	1
11	1	1222	#8ad4ff	1
12	1	847	#ffbfaa	1
12	848	1530	#7ebb97	1
13	1	1685	#ffedb9	1
14	1	561	fuchsia	1
14	562	691	#e2eeb7	1
14	692	737	fuchsia	1
14	738	1745	#e2eeb7	1
15	1	1141	#cacaf6	1
16	1	25	#c0dd6f	1
16	26	1344	#8f98ec	1
17	1	1156	#c0dd6f	1
18	1	2069	#339966	1
19	1	1220	#ff7b5a	1