1	1	70	#99CC00	2
1	71	169	red	2
1	170	1406	#99CC00	2
2	1	1238	RoyalBlue	1
3	1	1049	#339966	2
3	1050	1158	red	3
4	1	812	deepskyblue	3
4	813	920	#99CC00	3
4	921	1098	fuchsia	3
4	1099	1537	#339966	3
5	1	1596	fuchsia	1
6	1	1384	#FFCC00	1
7	1	1239	fuchsia	2
7	1240	2123	#339966	3
8	1	1421	#FFCC00	2
9	1	1195	deepskyblue	1
10	1	1320	red	2
10	1321	1518	#99CC00	3
11	1	1222	deepskyblue	2
12	1	841	red	3
12	842	1530	#339966	2
13	1	1685	#FFCC00	3
14	1	600	fuchsia	3
14	601	652	#99CC00	3
14	653	743	fuchsia	3
14	744	1745	#99CC00	3
15	1	1141	RoyalBlue	2
16	1	1344	RoyalBlue	3
17	1	1156	#99CC00	1
18	1	2069	#339966	1
19	1	1220	red	1
