3	1	874	#339966	1	3
3	1613	2504	#339966	1	3
4	1	1909	#339966	2	1
12	1	1424	#339966	2	2
18	1	1365	#339966	1	4
2	1	1325	#99CC00	1	4
9	1	1788	#99CC00	1	3
16	1	1544	#99CC00	2	1
24	1	1161	#99CC00	2	2
5	1	1936	#FFCC00	1	1
6	1	1995	#FFCC00	2	3
14	1	1459	#FFCC00	1	2
15	1	1384	#FFCC00	2	4
2	1326	2195	deepskyblue	1	4
8	1	1335	deepskyblue	2	1
13	1	1155	deepskyblue	1	3
21	1	1132	deepskyblue	2	2
10	1	1510	fuchsia	1	1
11	1	1424	fuchsia	2	3
19	1	1273	fuchsia	1	2
23	1	1115	fuchsia	2	4
1	590	625	red	1	1
1	1559	2724	red	1	1
3	875	1612	red	2	3
7	1	1423	red	2	4
17	1	1257	red	1	2
1	1	589	RoyalBlue	1	4
1	626	1558	RoyalBlue	2	2
20	1	1281	RoyalBlue	1	3
22	1	1248	RoyalBlue	2	1
