1	1	68	#99CC00	3
1	69	169	red	2
1	170	1406	#99CC00	3
10	1	1307	red	2
10	1308	1518	#99CC00	3
11	1	1222	deepskyblue	2
12	1	847	red	1
12	848	1530	#339966	1
13	1	1685	#FFCC00	3
14	1	561	fuchsia	3
14	562	678	#99CC00	1
14	679	742	fuchsia	3
14	743	1745	#99CC00	1
15	1	1141	RoyalBlue	1
16	1	25	#99CC00	2
16	26	1344	RoyalBlue	3
17	1	1156	#99CC00	2
18	1	2069	#339966	3
19	1	1220	red	3
2	1	1238	RoyalBlue	2
3	1	1026	#339966	1
3	1027	1134	red	1
3	1135	1158	#339966	1
4	1	812	deepskyblue	3
4	813	944	#99CC00	1
4	945	1097	fuchsia	3
4	1098	1537	#339966	2
5	1	1596	fuchsia	1
6	1	1384	#FFCC00	1
7	1	1204	fuchsia	2
7	1205	1238	fuchsia	3
7	1239	2123	#339966	2
8	1	1421	#FFCC00	2
9	1	1195	deepskyblue	1
