1	1	594	RoyalBlue	1
1	595	737	red	1
1	738	1551	RoyalBlue	1
1	1552	2724	red	1
10	1	1510	fuchsia	1
11	1	1424	fuchsia	1
12	1	1424	#339966	1
13	1	1155	deepskyblue	1
14	1	1459	#FFCC00	1
15	1	1384	#FFCC00	1
16	1	1544	#99CC00	1
17	1	1257	red	1
18	1	1365	#339966	1
19	1	1273	fuchsia	1
2	1	1391	#99CC00	1
2	1392	2195	deepskyblue	1
20	1	1281	RoyalBlue	1
21	1	1132	deepskyblue	1
22	1	1248	RoyalBlue	1
23	1	1115	fuchsia	1
24	1	1161	#99CC00	1
3	1	887	#339966	1
3	888	1634	red	1
3	1635	2504	#339966	1
4	1	1909	#339966	1
5	1	1936	#FFCC00	1
6	1	1995	#FFCC00	1
7	1	1423	red	1
8	1	1335	deepskyblue	1
9	1	1788	#99CC00	1
